algResSavePathExtension      affineR
affine_trafo r_5   0.9962 0.0872 0 -0.0872 0.9962 0 0 0 1
affine_trafo r_10  0.9848 0.1736 0 -0.1736 0.9848 0 0 0 1
affine_trafo r_15  0.9659 0.2588 0 -0.2588 0.9659 0 0 0 1
affine_trafo r_30  0.8660 0.5000 0 -0.2588 0.8660 0 0 0 1
affine_trafo r_45  0.7071 0.7071 0 -0.7071 0.7071 0 0 0 1
affine_trafo r_60  0.5000 0.8660 0 -0.8660 0.5000 0 0 0 1
affine_trafo r_75  0.7071 0.9659 0 -0.9659 0.7071 0 0 0 1
affine_trafo r_90  0      1      0 -1      0      0 0 0 1
affine_trafo r_105  -0.2588 0.9659 0 -0.9659 -0.2588 0 0 0 1
affine_trafo r_120  -0.5000 0.8660 0 -0.8660 -0.5000 0 0 0 1
affine_trafo r_135  -0.7071 0.7071 0 -0.7071 -0.7071 0 0 0 1
affine_trafo r_150  -0.8660 0.5000 0 -0.5000 -0.8660 0 0 0 1
affine_trafo r_165  -0.9659 0.2588 0 -0.2588 -0.9659 0 0 0 1
affine_trafo r_180 -1     0      0 -0      -1     0 0 0 1